Mixture	bladder	lymph_node	muscle	salivary_gland	spleen	testis	adipocyte	artery	bone	esophagus	skin	stomach	kidney	liver	nerve	lung	heart	bowel	brain	pancreas	pleurae	thyroid	vein	P-value	Correlation	RMSE
GSM1936835	0	0.288653458239277	0.00287525643317193	0.00989089638072164	0	0.00498468772012685	0.198861370318546	0	0.0516000202240913	0	0.00291560455217159	0.0258280180759915	0	0.0193461182071728	0.086881187259452	0.274063586060712	0.009288593393831	0.0148458506151155	0.0099653525196187	0	0	0	0	9999	0.0433435557890792	1.04331323301858
GSM1936836	0	0.151323312102445	0.00818273105620459	0.111544248232744	0	0.00832185526723582	0.261684626956427	0.0408229173794406	0.0598169920298694	0	0.00551594957944183	0.0286837389887837	0	0.0375279613663023	0.0824056349421481	0.14365632967822	0.00284272401257793	0.0513798793731986	0.0062910990349614	0	0	0	0	9999	0.0562990054419859	1.06161075152064
GSM1936837	0	0.145062710831001	0.0108768456001342	0.0932123533154071	0	0.00501489401019988	0.288303108879732	0.0364597679114697	0.0648803030730624	0	0.0133954879244772	0.0887773601943384	0	0.0506385223234617	0.0585856311235474	0.120506709183391	0	0.0152690334841923	0.00901727214558604	0	0	0	0	9999	0.0481265344097357	1.07722155790113
GSM1936838	0.0392888307503003	0.0696286778160113	0.00486758541659076	0.0562279593918271	0	0.00169551750690617	0.220807529111903	0	0.0665404533802089	0	0	0.0587642132175699	0	0.0824283961269123	0.120521639878573	0.273221063424062	0	0	0.00600813397913561	0	0	0	0	9999	0.0380002407957009	1.08605742135513
GSM1936839	0	0.137469868869204	0.00388239326643535	0.10954966583443	0	0	0.251252206330036	0.0140949365169841	0.127520923502629	0	0	0.0696043273090305	0.0594184020597148	0.0359789518808179	0.00864508200357938	0.162583408841524	0	0	0.019999833585616	0	0	0	0	9999	0.0695020844165522	1.0345612037696
GSM1936840	0	0.0477472751280039	0	0.0815580650855123	0	0.00644812624721087	0.27512838835706	0	0.110818793800487	0	0.00383495229074164	0.0274685422672123	0	0.00779257058506921	0.0595062346701121	0.235320818654228	0.0187769234563044	0.108090259572775	0.0175090498852833	0	0	0	0	9999	0.0357893360798192	1.06688605227924
GSM1936841	0	0.277157618071572	0.00923673950280366	0	0	0.00322210329730317	0.274816243856667	0	0.0475167021607742	0	0.00427663501431823	0.0335001492089196	0	0.0159437988345478	0.036844483181456	0.267642145444382	0	0.0217515351811914	0.0080918462460655	0	0	0	0	9999	0.0897628631380677	1.02903710398683
GSM1936842	0	0.253483082347399	0.0122219121479879	0.0749467778541495	0	0.00353425635769021	0.253638505713892	0	0.0565669791231984	0	0.00385912602149076	0.0996990314048379	0	0.0696279227935354	0.0173787425078452	0.137030685950893	0	0	0.0180129777770812	0	0	0	0	9999	0.0374118212600267	1.05717008073199
GSM1936843	0	0.150257074026199	0.0110213801164513	0.0362969594520158	0	0.00413355770203873	0.366990126551843	0.003336795720197	0.0900352727812861	0	0.00641773055770329	0.0576513661887447	0	0.0322176357214204	0.0112944953965961	0.184708665675282	0.00751354444381145	0.0140683396181593	0.0240570560482514	0	0	0	0	9999	0.0536122988042722	1.03986951631164
GSM1936844	0	0.377160540007569	0.00561988883501934	0	0	0	0.214713635935609	0.0132278208785476	0.0684579498349624	0	0.00342438649905798	0.0568227703197536	0.0519254027624805	0.0241000195249476	0	0.174617008049109	0	0	0.00993057735294432	0	0	0	0	9999	0.0852582916181998	1.03078426282726
GSM1936845	0	0.280371158485095	0.00521471449713867	0.0205093860617541	0	0.00474530451294335	0.238075877403342	0	0.0592455885255392	0	0.00231981285635999	0.0184128300945718	0	0.0363333322937617	0.0806557546662929	0.230559702523977	0.000475654499334984	0.0102717942885147	0.0128090892913741	0	0	0	0	9999	0.0660864656132943	1.02774187916791
GSM1936846	0.0354262253957083	0.223701107170684	0	0.000228205618722938	0	0.00582571393797164	0.216430895994687	0	0.0908522604395413	0.0104751520043246	0	0.00471295675941374	0	0.0539014906371828	0.0313308172510771	0.312636340144663	0	0	0.0144788346460242	0	0	0	0	9999	0.04255885323931	1.05237772625147
GSM1936847	0.0216271111793185	0.0255312967644277	0	0	0	0.00653380175369357	0.249085884712458	0	0.0167709058760977	0	0.00532892838420799	0.0424326835015266	0	0.0220165294942792	0.117692632489281	0.470382693608447	0.0110729954347374	0.0115245368015253	0	0	0	0	0	9999	0.0274318647081395	1.09147833171353
GSM1936848	0.00410729940115732	0.0924672417481963	0.00156443089559179	0.0626360069168799	0	0.00117325678438827	0.219397961741997	0	0.128287463909682	0	0.00830667199116883	0.0327689887361581	0	0.0398131105890783	0.114638646026125	0.289827961851924	0	0	0.0050109594076529	0	0	0	0	9999	0.0624541377626214	1.03547009952676
GSM1936849	0.0090957055612207	0.0369812036637626	0.00412427067778561	0.0918375688756753	0	0.0115475376212173	0.256565174896831	0	0.0836141126774008	0	0.00316461790257116	0.0106090529238719	0	0.0254486567996502	0.114150661976759	0.26538690551297	0.00602512420695067	0.0734036818214783	0.00804572488185666	0	0	0	0	9999	0.0341760588626776	1.06138423769066
GSM1936850	0	0.178174645253175	0.00740262446279843	0.0631707709546389	0	0.00779619550478923	0.218363485578164	0	0.0471613402938758	0	0.00578893980231513	0.0475046349573883	0	0.008471991183206	0.102805945372172	0.234138816992246	0	0.0695878416887824	0.00963276795644862	0	0	0	0	9999	0.038484973168308	1.07192694948274
GSM1936851	0	0.0399629583684705	0.0100041222716378	0	0	0.00528181058552809	0.4428399525275	0	0.0426270125318897	0.267005573440695	0	0	0	0	0.0943313995445326	0	0	0	0	0.0216860159064048	0	0.00715534221759331	0.0691058126057483	9999	-0.00140326919427419	1.15988400369549
GSM1936852	0.010932322752863	0.0339739425702318	0.0182091193705988	0	0	0	0.147682325269836	0	0.0178640769134826	0.0351990872328761	0.0014632210601498	0	0	0.641650209645958	0.0172825834563473	0	0	0.041154091302519	0	0.0200984340843579	0	0.01449058634078	0	9999	0.752518532927035	0.671004602154401
GSM1936853	0	0.0491586386387213	0.0260636793167571	0.134125332922676	0	0.00136015166917692	0.431559463265186	0	0.026864367359587	0.0429495492979108	0	0.0899615383702236	0	0.165740177581738	0	0	0	0	0.0267862173837638	0	0	0	0.00543088419425901	9999	0.043360672203914	1.05724083101798
GSM1936854	0.0216061599675505	0.12864660108594	0.0137340051520381	0.0613924203623887	0	0.00169803990584681	0.235686964401254	0	0.0480570009049165	0	0.0031014268223918	0.111785894982679	0	0.0952611238941305	0.070028144830102	0.197849494114355	0	0	0.011152723576407	0	0	0	0	9999	0.0165997997919296	1.10069467658186
GSM1936855	0	0	0.030581229776348	0.183597837220388	0	0	0.494062046741592	0	0.011977873691624	0.0155039415652505	0	0.0919612580859301	0	0.105434196843254	0	0	0	0	0.0256983669064163	0	0	0	0.0411832491691966	9999	0.00718402153892542	1.06366305674317
GSM1936856	0	0.482092427560139	0.00511990832718308	0	0	0.00115262197172255	0.206036143618284	0.00212546665848444	0	0.16725958210045	0	0	0.00742117696104683	9.81276179819037e-05	0.0163092805790579	0.0484781653443818	0	0	0.00770916003682456	0.0368534775208333	0	0	0.0193444617036104	9999	-0.00310171624273961	1.09741372826486
GSM1936857	0	0.259413315930421	0.0119616201097766	0.0232247561317394	0	0.00205178768964359	0.348006247424493	0	0.0486268397407781	0.179658686845028	0	0.05588427394266	0	0.0548950085885462	0.00845473306216499	0	0	0	0.007822730534749	0	0	0	0	9999	-0.00173553686764061	1.12255944275815
GSM1936858	0	0.345332675528095	0.00634634414196964	0	0	0.00279438680414243	0.263392681438002	0	0.0177817047777932	0.119848597597763	0	0.0491455448525542	0	0.0704643641737098	0.0339444504038796	0.0768077176706541	0	0	0.0141415326114375	0	0	0	0	9999	0.00211293291593983	1.09784711446177
GSM1936859	0.0269458469428172	0.254686867794943	0.0204964398885994	0.0898495212411595	0	0.00234372864291276	0.259334454391557	0	0.0169472726554066	0	0	0.102534850110857	0	0.133331900465506	0.000768485126015627	0.068905853150593	0	0	0.0238547795896336	0	0	0	0	9999	0.0407673174515308	1.07421896067584
GSM1936860	0.000395302965966215	0.267134510605379	0.000471617674913736	0	0	0.00351292900253591	0.218630600596918	0	0.0223993490467817	0.0594497121615048	0	0.0318058331996104	0	0.0544619694947023	0.00954937118200671	0.317208398912586	0	0	0.0149804051570961	0	0	0	0	9999	-0.00032959176774606	1.07630901904275
GSM1936861	0.0286012759245564	0.24698541464193	0.00327348261020403	0.0365805208234122	0	0.00387856249823368	0.190752544266784	0	0.0503405399228864	0.0110163663689426	0	0.0381021694037614	0	0.0771545413124817	0.0584991209107826	0.236694175270526	0	0	0.0181212860454984	0	0	0	0	9999	0.0154215249348531	1.07240958025081
GSM1936862	0.0281953545583617	0.212565434049193	0.0182162694305514	0.0568836396896716	0	0.00132999706245308	0.313517687908697	0	0.0201324298090501	0.00932542232042194	0	0.0948757255730039	0	0.107855544616852	0.0280607263405595	0.0941243438314702	0	0	0.0149174248097147	0	0	0	0	9999	0.0222538001312531	1.08779205047715
GSM1936863	0.00857351908546518	0.292664537189264	0.0148936889723721	0.063094422704352	0	0.00604126623655428	0.295997435210007	0	0.0463325991881802	0.0280302815211338	0	0.090501151651987	0	0.11395868850567	0.00139552276605222	0.0220618978404979	0	0	0.0164549891284642	0	0	0	0	9999	0.0364647903421483	1.06283779055715
GSM1936864	0	0.0771231051449672	0.0408909736880204	0.124315300559772	0	0.00406072254602629	0.235223768272801	0.0544003397404828	0.0137730146623422	0.0218773844983587	0	0	0	0.383174731530112	0.0109227125298453	0.00256242940371648	0	0	0.0206939028594938	0	0.0109816145640612	0	0	9999	0.319013678580156	0.9527076747339
GSM1936865	0.0187125791590572	0.26235328683287	0.0196971092308258	0.0639095923863893	0	5.73180239305072e-05	0.232301073883767	0	0.00799980259930242	0.0199382987378624	0	0.0218494891033074	0	0.301622392579884	0.0298055819648949	0	0	0	0.0198409758696618	0	0	0.00191249962824698	0	9999	0.233265998408624	0.982006956704039
GSM1936866	0	0.243735232048878	0.040399753635393	0	0	0	0.286486784319917	0	0.0166496035050373	0.147727070965922	0	0.0713241553842299	0	0.0294609062209025	0	0.138526934191025	0	0	0.00432376237913954	0	0.016190392598976	0.0051754047505804	0	9999	-0.00879600012609421	1.13494888864221
GSM1936867	0	0.0306725129208541	0.0136098972836585	0	0	0	0.45957931625492	0	0.122914222995831	0.141076610451593	0	0.059517613700196	0	0.0890848127087667	0	0.0677683723865611	0	0.0057622230143053	0.00262689314620963	0	0	0.00738752513710439	0	9999	0.00648239443173175	1.10195810343532
GSM1936868	0.0473272835740648	0.193476485670949	0	0.0150448152316854	0	0.00282282860824062	0.256788421198194	0	0.000412610822412377	0.0442449916898043	0	0.0248159033386106	0	0.0938787458733152	0.0672423066916872	0.24359443820673	0	0	0.0103511690943058	0	0	0	0	9999	0.0202641790922168	1.09979443498329
GSM1936869	0.0206697619109842	0.0475851581678551	0.0129556386915904	0	0	0	0.00270907056199611	0	0.0122095196775765	0.0330327382951084	0.0155975862513312	0	0	0.640233787875123	0.0225342082276551	0	0	0.141918027041846	0	0.0345196087458056	0	0.0160348945531276	0	9999	0.233501024901869	1.06342744747751
GSM1936870	0.0277793394738821	0.235309967011659	0.0188465321623591	0.072085359752355	0	0.000278048378939505	0.238310608053414	0	0.0212353354392204	0.0281341642883685	0	0	0	0.327662335934856	0.00879070974818064	0	0	0	0.0211826306809363	0	0	0.000384969075829252	0	9999	0.344481920126063	0.937715798444223
GSM1936871	0.0258042069693987	0.0630302998058755	0.021201121964527	0.0880185313715001	0	0.00425978643752606	0.16034995398876	0	0.00511015218968829	0.00128823436395511	0	0	0	0.597576070744948	0.0261854608691457	0	0	0	0.00717618129467575	0	0	0	0	9999	0.781701442617068	0.658831075500002
GSM1936872	0	0.261523873340595	0.0336908012818193	0	0	0.0171005703214251	0.327830469524895	0	0.0118584289478079	0.166193968396847	0	0	0	0.025595708533162	0	0.114566623345647	0	0	0.0134912118142074	0.00944238538766367	0	0	0.0187059591059311	9999	-0.0191454035699825	1.10253689071203
GSM1936873	0	0.0122580052611621	0.0145511475170917	0	0	0	0.139350553141422	0	0.0108861844234634	0.12040478462457	0	0	0	0.490363888120004	0.018914853092764	0	0	0.130447405838989	0	0.0538021553668489	0	0.00902102261368523	0	9999	0.12580088429115	1.09819916747099
GSM1936874	0.0284386629862291	0.0449061702776808	0.0239037980844281	0.103109249448053	0	0.00821750163358997	0.253811189277346	0	0.0167878544841203	0	0	0	0	0.493122998135523	0.0124328755412229	0	0	0	0.015269700131807	0	0	0	0	9999	0.458431533122369	0.886821916916234
GSM1936875	0.0186872847700278	0.0420913450714753	0.0199913630897591	0.0834764559608743	0	0	0.320601247169584	0	0.0451901218786338	0	0	0.124197419043491	0	0.0936033402261896	0.0527599080354371	0.182283988011077	0	0	0.017117526743451	0	0	0	0	9999	-0.00182467718608813	1.10845770388029
GSM1936876	0.0391658769371734	0.182147724862361	0.0145004519520705	0.082815676922445	0	0.00215786366089237	0.180444174917561	0	0.0163824224714684	0.0070941421658305	0	0	0	0.445479068458661	0.014688899633269	0	0	0	0.0151236980182681	0	0	0	0	9999	0.576666687172614	0.82233755014408
GSM1936877	0.0074160477475606	0.191111201276702	0.0141210308587328	0	0	0	0.165811773391025	0	0.0299817131967487	0.0786379443721839	0	0	0	0.478057091255871	0.0303851271918429	0	0	0	0	0	0	0.00447807070933409	0	9999	0.432576835840493	0.901830235968713
GSM1936878	0.0473190389634664	0.173375777401909	0.0142536781954437	0	0	0	0.140483619403235	0.000374289096125408	0.0161288318288443	0.0473106149135105	0	0	0.00626858998615638	0.540146164976275	0.0078906834118248	0	0	0	0	0	0	0.00644871182320953	0	9999	0.645181995184561	0.765883479648202
GSM1936879	0	0.37484749568741	0.000228293102389118	0	0	0.000479135761522055	0.296884619215642	0	0	0.135871910699072	0	0.00887008454714523	0	0.07479977441787	0	0.0885798377682047	0	0	0.0194388488007451	0	0	0	0	9999	0.00633374116622683	1.07793314817186
GSM1936880	0.0100423606891161	0.188861856750125	0.013039787871423	0.0238811706516917	0	0	0.206511836559199	0	0.0278430950994559	0.113047290204489	0	0	0	0.350793767568274	0.0198875435065596	0	0	0.0294051366411842	0.00904751526098162	0	0	0.00763863919750037	0	9999	0.155943825439591	1.03466937917479
GSM1936881	0.0120445798958328	0.355530362825156	0	0	0	0	0.226966409203051	0	0.00875014943659602	0.0965568878245177	0	0.00591945336825818	0	0.0865538592970839	0	0.200429973533309	0	0	0.00724832461619497	0	0	0	0	9999	0.00212656334350525	1.07933468542736
GSM1936882	0.0026246400259756	0	0.0225497639961078	0	0	0	0.188373225933923	0	0.00905709565580334	0.0401080386656429	0.0006624617459428	0	0	0.612857938189091	0.0184001182053247	0	0	0.0703036370144708	0	0.0278716568791036	0	0.00719142368861502	0	9999	0.573070996219298	0.817805899432561
